18
20
21
31
43
47
54
84
93
109
117
136
141
142
152
158
162
164
188
195
212
215
223
224
231
232
236
252
273
275
276
316
324
329
332
333
334
339
340
345
360
379
393
399
409
411
416
428
500
502
511
515
517
536
537
539
545
553
561
561
572
573
576
600
631
638
640
659
661
665
668
673
689
694
698
707
712
723
723
739
746
751
753
760
807
828
848
870
873
886
887
901
911
916
926
934
937
942
944
948
950
957
960
960
969
969
976
978
983
991
997
1024
1049
1071
1079
1090
1099
1121
1138
1141
1172
1175
1189
1191
1211
1221
1231
1231
1233
1234
1237
1251
1273
1282
1341
1358
1362
1365
1368
1382
1393
1403
1408
1422
1427
1435
1457
1466
1468
1481
1485
1485
1507
1516
1522
1529
1531
1532
1534
1535
1537
1554
1580
1581
1586
1600
1605
1626
1633
1659
1682
1691
1696
1705
1709
1715
1740
1754
1757
1759
1764
1771
1780
1797
1808
1809
1810
1836
1841
1852
1868
1885
1893
1901
1926
1935
1949
1960
1963
1982
1988
1990
1995
1997
2000
2037
2041
2064
2072
2074
2079
2082
2084
2092
2112
2130
2154
2164
2165
2187
2205
2213
2226
2231
2231
2236
2237
2253
2263
2283
2293
2296
2306
2309
2312
2330
2330
2335
2337
2339
2346
2351
2381
2396
2407
2444
2455
2472
2474
2492
2497
2503
2507
2515
2530
2531
2532
2561
2562
2568
2577
2585
2603
2603
2615
2637
2638
2645
2651
2658
2660
2673
2686
2705
2706
2725
2729
2746
2746
2752
2767
2799
2801
2806
2810
2816
2819
2819
2823
2825
2840
2840
2842
2846
2891
2892
2896
2900
2902
2906
2917
2922
2922
2924
2924
2928
2949
2951
2956
2978
2994
3004
3009
3029
3041
3043
3047
3048
3052
3057
3061
3072
3074
3087
3101
3121
3137
3139
3141
3150
3166
3176
3177
3183
3195
3207
3208
3212
3217
3218
3225
3256
3264
3289
3308
3309
3316
3337
3339
3360
3376
3407
3408
3409
3410
3420
3432
3446
3477
3477
3478
3478
3481
3483
3502
3510
3528
3532
3539
3548
3549
3556
3573
3578
3596
3610
3622
3646
3659
3664
3686
3687
3696
3706
3709
3731
3733
3737
3737
3745
3747
3788
3809
3815
3823
3824
3837
3845
3865
3882
3902
3903
3907
3918
3934
3942
3953
3956
3957
3994
3997
4021
4051
4058
4070
4075
4077
4082
4083
4085
4095
4100
4104
4107
4116
4128
4137
4151
4152
4159
4166
4184
4195
4216
4232
4236
4245
4251
4253
4265
4267
4270
4282
4298
4306
4357
4362
4363
4366
4366
4375
4376
4384
4387
4399
4418
4420
4432
4454
4476
4479
4483
4489
4495
4509
4517
4519
4520
4532
4534
4542
4550
4564
4566
4566
4568
4581
4582
4583
4583
4588
4588
4594
4599
4610
4613
4614
4638
4646
4652
4667
4690
4699
4708
4718
4727
4738
4757
4765
4784
4790
4797
4821
4863
4864
4866
4886
4895
4907
4910
4955
4957
4973
4983
4993
4997
5007
5010
5013
5018
5024
5025
5028
5047
5049
5052
5056
5062
5068
5068
5089
5092
5098
5101
5109
5115
5144
5148
5155
5159
5162
5167
5175
5181
5182
5182
5183
5187
5209
5214
5215
5232
5233
5238
5238
5241
5243
5282
5284
5309
5317
5328
5329
5335
5338
5338
5348
5351
5357
5362
5392
5394
5412
5422
5448
5458
5461
5470
5492
5493
5494
5503
5506
5514
5518
5549
5551
5552
5553
5558
5570
5571
5573
5575
5577
5579
5588
5599
5630
5633
5638
5647
5648
5666
5669
5704
5716
5729
5731
5732
5735
5740
5742
5758
5760
5761
5761
5764
5766
5781
5797
5800
5814
5823
5836
5850
5880
5892
5913
5915
5917
5932
5938
5952
5957
5964
5964
5966
6000
6003
6004
6008
6016
6027
6032
6032
6079
6126
6137
6138
6140
6143
6144
6144
6161
6169
6196
6233
6242
6250
6255
6265
6268
6269
6270
6274
6281
6286
6289
6314
6314
6317
6324
6341
6346
6360
6371
6378
6381
6401
6417
6421
6435
6457
6461
6462
6465
6470
6483
6490
6494
6512
6513
6532
6550
6550
6551
6553
6565
6578
6581
6590
6595
6641
6651
6660
6664
6677
6677
6694
6695
6701
6711
6751
6753
6769
6773
6795
6805
6813
6817
6856
6857
6858
6867
6879
6938
6957
6970
6971
6972
6975
6998
7006
7006
7021
7046
7050
7061
7069
7089
7091
7092
7100
7109
7117
7145
7145
7162
7171
7191
7217
7261
7293
7331
7332
7337
7345
7372
7401
7431
7431
7440
7459
7460
7461
7470
7499
7504
7514
7534
7534
7538
7541
7558
7613
7614
7627
7628
7640
7643
7643
7658
7684
7691
7714
7726
7732
7745
7746
7751
7757
7758
7769
7801
7806
7825
7828
7839
7842
7867
7875
7937
7942
7956
7972
7981
7983
7988
7988
7994
8008
8031
8075
8078
8093
8104
8110
8117
8122
8132
8137
8138
8143
8144
8145
8151
8158
8169
8170
8211
8222
8225
8227
8253
8271
8279
8291
8296
8317
8318
8319
8319
8328
8330
8330
8343
8366
8392
8393
8399
8400
8404
8407
8432
8435
8445
8447
8471
8479
8483
8491
8494
8499
8518
8583
8592
8610
8612
8624
8627
8633
8637
8640
8643
8690
8703
8703
8704
8729
8734
8740
8754
8760
8760
8786
8788
8798
8809
8810
8816
8817
8836
8840
8848
8853
8870
8877
8886
8894
8901
8911
8912
8913
8913
8914
8923
8954
8977
8997
8998
9000
9012
9027
9042
9087
9099
9101
9110
9135
9152
9153
9162
9179
9180
9192
9200
9222
9281
9291
9295
9318
9325
9328
9348
9352
9358
9360
9373
9397
9397
9405
9407
9411
9411
9417
9427
9430
9430
9445
9445
9457
9464
9471
9473
9521
9538
9543
9546
9554
9558
9575
9602
9609
9634
9639
9647
9648
9650
9657
9662
9677
9682
9700
9730
9759
9776
9788
9789
9791
9807
9829
9844
9848
9851
9854
9859
9871
9871
9875
9886
9911
9914
9916
9919
9919
9923
9942
9974
9987
